Max_follow_accel: 10.00722599029541, Min_follow_Accel: -1.3551197052001953
Min_distance: 15.082668486881289, Max_distance: 226.78898334483478, Mean_distance: 83.60473286135617
  Attack_time    Attack_value    Mean Distance    Max_Distance    Min_Distance    Max_following_car_accel    Min_following_car_accel
-------------  --------------  ---------------  --------------  --------------  -------------------------  -------------------------
            0              -1       1889.93           5379.49          50                       254.11                      1.39
            0               0        224.262           383.496         50                        16.2532                    1.39
            0               1      -1441.41             50          -4615.51                      1.87674                -225.586
            0              -5       8552.6           25369.5           50                      1213.5                       1.39
            0               5      -8104.07             50         -24605.5                       1.39373               -1184.98
            5               0        -78.4493           50           -238.76                      1.79718                 -13.1296
            5              -5       7059.58          22307.1           40.1956                 1078.45                      1.18817
            5               5      -7216.47             50         -22784.6                       1.39748               -1104.68
            5              -1       1349.16           4270.42          39.2042                  205.202                     1.18817
            5               1      -1506.05             50          -4747.94                      1.39748                -231.425
           10               0       -212.897            50           -526.484                     1.39748                 -25.851
           10               5      -6281.82             50         -20760.7                       1.39748               -1014.96
           10              -5       5856.03          19707.8           28.7831                  963.259                    -0.213834
           10              -1       1000.89           3520.37          21.2057                  171.971                    -1.17955
           10               1      -1426.68             50          -4573.33                      1.39748                -223.673
           15               5      -5145.69             50         -18161.3                       1.39748                -899.098
           15              -1        989.055          3495.82          16.8776                  170.889                    -1.41457
           15              -5       5078.89          17933.9           21.7219                  884.213                    -1.35512
           15               0        -33.4032           50           -113.703                     1.39748                  -7.5064
           15               1      -1055.86             50          -3723.23                      1.39748                -185.774
           20              -5       4382.16          16242.3           18.1355                  808.337                    -1.35512
           20               5      -4144.77             50         -15737.7                       1.39748                -790.424
           20              -1        971.389          3450.27          18.0439                  168.833                    -1.35512
           20               1       -733.998            50          -2945.73                      1.39748                -150.92
           20               0        118.696           254.509         17.6126                   11.0731                   -1.35512
           25              -5       3528.25          14036.3           16.4512                  708.704                    -1.35512
           25               0         15.4385           50            -16.8678                    2.07556                  -3.31096
           25               1       -687.124            50          -2827.49                      1.39748                -145.594
           25              -1        718.001          2793.76          16.4437                  139.172                    -1.35512
           25               5      -3497.37             50         -14070                         1.39748                -715.126
           30               1       -653.668            50          -2732.65                      1.39748                -141.264
           30               0        -82.4915           50           -284.403                     1.39748                 -15.3766
           30              -5       2773.39          11956.8           15.6259                  614.077                    -1.35512
           30              -1        488.685          2163.85          15.6201                  110.517                    -1.35512
           30               5      -2938.38             50         -12525.7                       1.39748                -644.824
           35              -5       2291.99          10533.4           15.2049                  548.725                    -1.35512
           35              -1        462.85           2089.92          14.4535                  107.137                    -1.35512
           35               5      -2280.87             50         -10575.3                       1.39748                -555.245
           35               1       -451.722            50          -2131.83                      1.39748                -113.657
           35               0          5.56424          50            -24.0159                    1.39748                  -3.37268
           40               1       -276.035            50          -1572.41                      1.39748                 -87.7187
           40              -1        443.245          2024.59          15.083                   104.089                    -1.35512
           40              -5       1881.81           9218.59          15.083                   487.705                    -1.35512
           40               5      -1714.6              50          -8766.41                      1.39748                -471.335
           40               0         83.6047          226.789         15.0827                   10.0072                   -1.35512

