  Attack_x    Mean Distance    Max_Distance    Min_Distance    Max_following_car_accel    Min_following_car_accel
----------  ---------------  --------------  --------------  -------------------------  -------------------------
         1        -82.9457               50        -409.119                    4.13393                     -1.354
         2        -82.1837               50        -406.37                     4.09393                     -1.354
         3        -81.4217               50        -403.621                    4.05393                     -1.354
         4        -80.6597               50        -400.872                    4.01393                     -1.354
         5        -79.8977               50        -398.123                    3.97393                     -1.354
         6        -79.1357               50        -395.374                    3.93393                     -1.354
         7        -78.3737               50        -392.625                    3.89393                     -1.354
         8        -77.6117               50        -389.876                    3.85393                     -1.354
         9        -76.8497               50        -387.127                    3.81393                     -1.354
        10        -76.0877               50        -384.378                    3.77393                     -1.354
        11        -75.3257               50        -381.629                    3.73393                     -1.354
        12        -74.5637               50        -378.88                     3.69393                     -1.354
        13        -73.8017               50        -376.131                    3.65393                     -1.354
        14        -73.0397               50        -373.382                    3.61393                     -1.354
        15        -72.2777               50        -370.633                    3.57393                     -1.354
        16        -71.5157               50        -367.884                    3.53393                     -1.354
        17        -70.7537               50        -365.135                    3.49393                     -1.354
        18        -69.9917               50        -362.386                    3.45393                     -1.354
        19        -69.2297               50        -359.637                    3.41393                     -1.354
        20        -68.4678               50        -356.888                    3.37393                     -1.354
        21        -67.7058               50        -354.139                    3.33393                     -1.354
        22        -66.9438               50        -351.39                     3.29393                     -1.354
        23        -66.1818               50        -348.641                    3.25393                     -1.354
        24        -65.4198               50        -345.892                    3.21393                     -1.354
        25        -64.6578               50        -343.143                    3.17393                     -1.354
        26        -63.8958               50        -340.394                    3.13393                     -1.354
        27        -63.1338               50        -337.645                    3.09393                     -1.354
        28        -62.3718               50        -334.896                    3.05393                     -1.354
        29        -61.6098               50        -332.147                    3.01393                     -1.354
        30        -60.8478               50        -329.398                    2.97393                     -1.354
        31        -60.0858               50        -326.649                    2.93393                     -1.354
        32        -59.3238               50        -323.9                      2.89393                     -1.354
        33        -58.5618               50        -321.151                    2.85393                     -1.354
        34        -57.7998               50        -318.402                    2.81393                     -1.354
        35        -57.0378               50        -315.653                    2.77393                     -1.354
        36        -56.2758               50        -312.904                    2.73393                     -1.354
        37        -55.5138               50        -310.155                    2.69393                     -1.354
        38        -54.7518               50        -307.406                    2.65393                     -1.354
        39        -53.9898               50        -304.657                    2.61393                     -1.354
        40        -53.2278               50        -301.908                    2.57393                     -1.354
        41        -52.4658               50        -299.159                    2.53393                     -1.354
        42        -51.7038               50        -296.41                     2.49393                     -1.354
        43        -50.9418               50        -293.661                    2.45393                     -1.354
        44        -50.1798               50        -290.912                    2.41393                     -1.354
        45        -49.4178               50        -288.163                    2.37393                     -1.354
        46        -48.6558               50        -285.414                    2.33393                     -1.354
        47        -47.8938               50        -282.665                    2.29393                     -1.354
        48        -47.1318               50        -279.916                    2.25393                     -1.354
        49        -46.3698               50        -277.167                    2.21393                     -1.354
        50        -45.6078               50        -274.418                    2.17393                     -1.354
        51        -44.8458               50        -271.669                    2.13393                     -1.354
        52        -44.0838               50        -268.92                     2.09393                     -1.354
        53        -43.3218               50        -266.171                    2.05393                     -1.354
        54        -42.5598               50        -263.422                    2.01393                     -1.354
        55        -41.7978               50        -260.673                    1.97393                     -1.354
        56        -41.0358               50        -257.924                    1.93393                     -1.354
        57        -40.2738               50        -255.175                    1.89393                     -1.354
        58        -39.5118               50        -252.426                    1.85393                     -1.354
        59        -38.7498               50        -249.677                    1.81393                     -1.354
        60        -37.9878               50        -246.928                    1.77393                     -1.354
        61        -37.2259               50        -244.179                    1.73393                     -1.354
        62        -36.4639               50        -241.43                     1.69393                     -1.354
        63        -35.7019               50        -238.681                    1.65393                     -1.354
        64        -34.9399               50        -235.932                    1.61393                     -1.354
        65        -34.1779               50        -233.183                    1.57393                     -1.354
        66        -33.4159               50        -230.434                    1.55509                     -1.354
        67        -32.6539               50        -227.685                    1.54962                     -1.354
        68        -31.8919               50        -224.936                    1.54421                     -1.354
        69        -31.1299               50        -222.187                    1.53887                     -1.354
        70        -30.3679               50        -219.438                    1.53359                     -1.354
        71        -29.6059               50        -216.689                    1.52837                     -1.354
        72        -28.8439               50        -213.94                     1.52321                     -1.354
        73        -28.0819               50        -211.191                    1.51811                     -1.354
        74        -27.3199               50        -208.442                    1.51306                     -1.354
        75        -26.5579               50        -205.693                    1.50806                     -1.354
        76        -25.7959               50        -202.944                    1.50311                     -1.354
        77        -25.0339               50        -200.195                    1.49821                     -1.354
        78        -24.2719               50        -197.446                    1.49336                     -1.354
        79        -23.5099               50        -194.697                    1.48855                     -1.354
        80        -22.7479               50        -191.948                    1.48378                     -1.354
        81        -21.9859               50        -189.199                    1.47906                     -1.354
        82        -21.2239               50        -186.45                     1.47438                     -1.354
        83        -20.4619               50        -183.701                    1.46974                     -1.354
        84        -19.6999               50        -180.952                    1.46513                     -1.354
        85        -18.9379               50        -178.203                    1.46057                     -1.354
        86        -18.1759               50        -175.454                    1.45604                     -1.354
        87        -17.4139               50        -172.705                    1.45155                     -1.354
        88        -16.6519               50        -169.956                    1.44709                     -1.354
        89        -15.8899               50        -167.207                    1.44267                     -1.354
        90        -15.1279               50        -164.458                    1.43828                     -1.354
        91        -14.3659               50        -161.709                    1.43393                     -1.354
        92        -13.6039               50        -158.96                     1.4296                      -1.354
        93        -12.8419               50        -156.211                    1.42531                     -1.354
        94        -12.0799               50        -153.462                    1.42105                     -1.354
        95        -11.3179               50        -150.713                    1.41681                     -1.354
        96        -10.5559               50        -147.964                    1.41261                     -1.354
        97         -9.79394              50        -145.215                    1.40843                     -1.354
        98         -9.03194              50        -142.466                    1.40429                     -1.354
        99         -8.26994              50        -139.717                    1.40017                     -1.354
       100        -7.50795               50      -136.968                      1.39608                   -1.354
       101        -6.74595               50      -134.219                      1.39373                   -1.354
       102        -5.98395               50      -131.47                       1.39373                   -1.354
       103        -5.22195               50      -128.721                      1.39373                   -1.354
       104        -4.45996               50      -125.972                      1.39373                   -1.354
       105        -3.69796               50      -123.223                      1.39373                   -1.354
       106        -2.93596               50      -120.474                      1.39373                   -1.354
       107        -2.17396               50      -117.725                      1.39373                   -1.354
       108        -1.41197               50      -114.976                      1.39373                   -1.354
       109        -0.649969              50      -112.227                      1.39373                   -1.354
       110         0.112029              50      -109.478                      1.39373                   -1.354
       111         0.874027              50      -106.729                      1.39373                   -1.354
       112         1.63602               50      -103.98                       1.39373                   -1.354
       113         2.39802               50      -101.231                      1.39373                   -1.354
       114         3.16002               50       -98.4821                     1.39373                   -1.354
       115         3.92202               50       -95.7331                     1.39373                   -1.354
       116         4.68401               50       -92.9841                     1.39373                   -1.354
       117         5.44601               50       -90.2351                     1.39373                   -1.354
       118         6.20801               50       -87.4861                     1.39373                   -1.354
       119         6.97001               50       -84.7371                     1.39373                   -1.354
       120         7.732                 50       -81.9881                     1.39373                   -1.354
       121         8.494                 50       -79.2391                     1.39373                   -1.354
       122         9.256                 50       -76.4901                     1.39373                   -1.354
       123        10.018                 50       -73.7411                     1.39373                   -1.354
       124        10.78                  50       -70.9921                     1.39373                   -1.354
       125        11.542                 50       -68.2431                     1.39373                   -1.354
       126        12.304                 50       -65.4941                     1.39373                   -1.354
       127        13.066                 50       -62.7451                     1.39373                   -1.354
       128        13.828                 50       -59.9961                     1.39373                   -1.354
       129        14.59                  50       -57.2471                     1.39373                   -1.354
       130        15.352                 50       -54.4981                     1.39373                   -1.354
       131        16.114                 50       -51.7491                     1.39373                   -1.354
       132        16.876                 50       -49.0001                     1.39373                   -1.354
       133        17.638                 50       -46.2511                     1.39373                   -1.354
       134        18.4                   50       -43.5021                     1.39373                   -1.354
       135        19.162                 50       -40.7531                     1.39373                   -1.354
       136        19.924                 50       -38.0041                     1.39373                   -1.354
       137        20.686                 50       -35.255                      1.39373                   -1.354
       138        21.448                 50       -32.506                      1.39373                   -1.354
       139        22.21                  50       -29.757                      1.39373                   -1.39007
       140        22.972                 50       -27.008                      1.39373                   -1.43007
       141        23.734                 50       -24.259                      1.39373                   -1.47007
       142        24.496                 50       -21.51                       1.39373                   -1.51007
       143        25.2579                50       -18.761                      1.39373                   -1.55007
       144        26.0199                50       -16.012                      1.39373                   -1.59007
       145        26.7819                50       -13.263                      1.39373                   -1.63007
       146        27.5439                50       -10.514                      1.39373                   -1.67007
       147        28.3059                50        -7.76503                    1.39373                   -1.71007
       148        29.0679                50        -5.01603                    1.39373                   -1.75007
       149        29.8299                50        -2.26703                    1.39373                   -1.79007
       150          30.5919         50              0.48197                    1.39373                   -1.83007
       151          31.3539         50              3.23097                    1.39373                   -1.87007
       152          32.1159         50              5.97997                    1.39373                   -1.91007
       153          32.8779         50              8.72898                    1.39373                   -1.95007
       154          33.6399         50             11.478                      1.39373                   -1.99007
       155          34.4019         51.0292        14.227                      1.39373                   -2.03007
       156          35.1639         52.1738        16.976                      1.39373                   -2.07007
       157          35.9259         53.3351        18.0566                     1.39373                   -2.11007
       158          36.6879         54.5136        18.0578                     1.39373                   -2.15007
       159          37.4499         55.7094        18.0589                     1.39373                   -2.19007
       160          38.2119         56.923         18.06                       1.39373                   -2.23007
       161          38.9739         58.1547        18.061                      1.39373                   -2.27007
       162          39.7359         59.405         18.062                      1.39373                   -2.31007
       163          40.4979         60.6743        18.063                      1.39373                   -2.35007
       164          41.2599         61.9634        18.0639                     1.39373                   -2.39007
       165          42.0219         63.2727        18.0648                     1.39373                   -2.43007
       166          42.7839         64.6031        18.0657                     1.39373                   -2.47007
       167          43.5459         65.9554        18.0665                     1.39373                   -2.51007
       168          44.3079         67.3307        18.0673                     1.39373                   -2.55007
       169          45.0699         68.7301        18.0681                     1.39373                   -2.59007
       170          45.8319         70.155         18.0689                     1.39373                   -2.63007
       171          46.5939         71.6073        18.0696                     1.39373                   -2.67007
       172          47.3559         73.0891        18.0704                     1.39373                   -2.71007
       173          48.1179         74.6031        18.071                      1.39373                   -2.75007
       174          48.8799         76.1532        18.0717                     1.39373                   -2.79007
       175          49.6419         77.7445        18.0724                     1.39373                   -2.83007
       176          50.4039         79.3852        18.073                      1.39373                   -2.87007
       177          51.1659         81.0892        18.0736                     1.39373                   -2.91007
       178          51.9279         82.8893        18.0742                     1.39373                   -2.95007
       179          52.6899         84.872         18.0748                     1.39373                   -2.99007
       180          53.4519         87.0204        18.0754                     1.39373                   -3.03007
       181          54.2139         89.2562        18.076                      1.39373                   -3.07007
       182          54.9759         91.5524        18.0765                     1.39373                   -3.11007
       183          55.7379         93.8962        18.077                      1.39373                   -3.15007
       184          56.4998         96.2804        18.0776                     1.39373                   -3.19007
       185          57.2618         98.6999        18.078                      1.39373                   -3.23007
       186          58.0238        101.151         18.0785                     1.39373                   -3.27007
       187          58.7858        103.632         18.079                      1.39373                   -3.31007
       188          59.5478        106.14          18.0795                     1.39373                   -3.35007
       189          60.3098        108.673         18.0799                     1.39373                   -3.39007
       190          61.0718        111.23          18.0804                     1.39373                   -3.43007
       191          61.8338        113.811         18.0808                     1.39373                   -3.47007
       192          62.5958        116.413         18.0812                     1.39373                   -3.51007
       193          63.3578        119.036         18.0816                     1.39373                   -3.55007
       194          64.1198        121.68          18.082                      1.39373                   -3.59007
       195          64.8818        124.343         18.0824                     1.39373                   -3.63007
       196          65.6438        127.025         18.0828                     1.39373                   -3.67007
       197          66.4058        129.726         18.0832                     1.39373                   -3.71007
       198          67.1678        132.446         18.0835                     1.39373                   -3.75007
       199          67.9298        135.183         18.0839                     1.39373                   -3.79007
