  Attack_value    Mean Distance    Max_Distance    Min_Distance    Max_following_car_accel    Min_following_car_accel
--------------  ---------------  --------------  --------------  -------------------------  -------------------------
             0       -572.184           50            -1838.93                     4.17393                   -1.354
             1       -569.179           50            -1831.19                     4.13393                   -1.354
             2       -566.174           50            -1823.44                     4.09393                   -1.354
             3       -563.169           50            -1815.69                     4.05393                   -1.354
             4       -560.164           50            -1807.94                     4.01393                   -1.354
             5       -557.159           50            -1800.19                     3.97393                   -1.354
             6       -554.154           50            -1792.45                     3.93393                   -1.354
             7       -551.149           50            -1784.7                      3.89393                   -1.354
             8       -548.144           50            -1776.95                     3.85393                   -1.354
             9       -545.139           50            -1769.2                      3.81393                   -1.354
            10       -542.133           50            -1761.45                     3.77393                   -1.354
            11       -539.128           50            -1753.71                     3.73393                   -1.354
            12       -536.123           50            -1745.96                     3.69393                   -1.354
            13       -533.118           50            -1738.21                     3.65393                   -1.354
            14       -530.113           50            -1730.46                     3.61393                   -1.354
            15       -527.108           50            -1722.71                     3.57393                   -1.354
            16       -524.103           50            -1714.97                     3.53393                   -1.354
            17       -521.098           50            -1707.22                     3.49393                   -1.354
            18       -518.093           50            -1699.47                     3.45393                   -1.354
            19       -515.088           50            -1691.72                     3.41393                   -1.354
            20       -512.083           50            -1683.97                     3.37393                   -1.354
            21       -509.078           50            -1676.23                     3.33393                   -1.354
            22       -506.073           50            -1668.48                     3.29393                   -1.354
            23       -503.068           50            -1660.73                     3.25393                   -1.354
            24       -500.063           50            -1652.98                     3.21393                   -1.354
            25       -497.058           50            -1645.23                     3.17393                   -1.354
            26       -494.053           50            -1637.49                     3.13393                   -1.354
            27       -491.048           50            -1629.74                     3.09393                   -1.354
            28       -488.043           50            -1621.99                     3.05393                   -1.354
            29       -485.038           50            -1614.24                     3.01393                   -1.354
            30       -482.032           50            -1606.49                     2.97393                   -1.354
            31       -479.027           50            -1598.75                     2.93393                   -1.354
            32       -476.022           50            -1591                        2.89393                   -1.354
            33       -473.017           50            -1583.25                     2.85393                   -1.354
            34       -470.012           50            -1575.5                      2.81393                   -1.354
            35       -467.007           50            -1567.75                     2.77393                   -1.354
            36       -464.002           50            -1560.01                     2.73393                   -1.354
            37       -460.997           50            -1552.26                     2.69393                   -1.354
            38       -457.992           50            -1544.51                     2.65393                   -1.354
            39       -454.987           50            -1536.76                     2.61393                   -1.354
            40       -451.982           50            -1529.01                     2.57393                   -1.354
            41       -448.977           50            -1521.27                     2.53393                   -1.354
            42       -445.972           50            -1513.52                     2.49393                   -1.354
            43       -442.967           50            -1505.77                     2.45393                   -1.354
            44       -439.962           50            -1498.02                     2.41393                   -1.354
            45       -436.957           50            -1490.27                     2.37393                   -1.354
            46       -433.952           50            -1482.53                     2.33393                   -1.354
            47       -430.947           50            -1474.78                     2.29393                   -1.354
            48       -427.942           50            -1467.03                     2.25393                   -1.354
            49       -424.937           50            -1459.28                     2.21393                   -1.354
            50       -421.931           50            -1451.53                     2.17393                   -1.354
            51       -418.926           50            -1443.79                     2.13393                   -1.354
            52       -415.921           50            -1436.04                     2.09393                   -1.354
            53       -412.916           50            -1428.29                     2.05393                   -1.354
            54       -409.911           50            -1420.54                     2.01393                   -1.354
            55       -406.906           50            -1412.79                     1.97393                   -1.354
            56       -403.901           50            -1405.05                     1.93393                   -1.354
            57       -400.896           50            -1397.3                      1.89393                   -1.354
            58       -397.891           50            -1389.55                     1.85393                   -1.354
            59       -394.886           50            -1381.8                      1.81393                   -1.354
            60       -391.881           50            -1374.05                     1.77393                   -1.354
            61       -388.876           50            -1366.31                     1.73393                   -1.354
            62       -385.871           50            -1358.56                     1.69393                   -1.354
            63       -382.866           50            -1350.81                     1.65393                   -1.354
            64       -379.861           50            -1343.06                     1.61393                   -1.354
            65       -376.856           50            -1335.31                     1.57393                   -1.354
            66       -373.851           50            -1327.57                     1.55509                   -1.354
            67       -370.846           50            -1319.82                     1.54962                   -1.354
            68       -367.841           50            -1312.07                     1.54421                   -1.354
            69       -364.836           50            -1304.32                     1.53887                   -1.354
            70       -361.83            50            -1296.57                     1.53359                   -1.354
            71       -358.825           50            -1288.83                     1.52837                   -1.354
            72       -355.82            50            -1281.08                     1.52321                   -1.354
            73       -352.815           50            -1273.33                     1.51811                   -1.354
            74       -349.81            50            -1265.58                     1.51306                   -1.354
            75       -346.805           50            -1257.83                     1.50806                   -1.354
            76       -343.8             50            -1250.09                     1.50311                   -1.354
            77       -340.795           50            -1242.34                     1.49821                   -1.354
            78       -337.79            50            -1234.59                     1.49336                   -1.354
            79       -334.785           50            -1226.84                     1.48855                   -1.354
            80       -331.78            50            -1219.09                     1.48378                   -1.354
            81       -328.775           50            -1211.35                     1.47906                   -1.354
            82       -325.77            50            -1203.6                      1.47438                   -1.354
            83       -322.765           50            -1195.85                     1.46974                   -1.354
            84       -319.76            50            -1188.1                      1.46513                   -1.354
            85       -316.755           50            -1180.35                     1.46057                   -1.354
            86       -313.75            50            -1172.61                     1.45604                   -1.354
            87       -310.745           50            -1164.86                     1.45155                   -1.354
            88       -307.74            50            -1157.11                     1.44709                   -1.354
            89       -304.735           50            -1149.36                     1.44267                   -1.354
            90       -301.729           50            -1141.61                     1.43828                   -1.354
            91       -298.724           50            -1133.87                     1.43393                   -1.354
            92       -295.719           50            -1126.12                     1.4296                    -1.354
            93       -292.714           50            -1118.37                     1.42531                   -1.354
            94       -289.709           50            -1110.62                     1.42105                   -1.354
            95       -286.704           50            -1102.87                     1.41681                   -1.354
            96       -283.699           50            -1095.13                     1.41261                   -1.354
            97       -280.694           50            -1087.38                     1.40843                   -1.354
            98       -277.689           50            -1079.63                     1.40429                   -1.354
            99       -274.684           50            -1071.88                     1.40017                   -1.354
           100       -271.679           50            -1064.13                     1.39608                   -1.354
           101       -268.674           50            -1056.39                     1.39373                   -1.354
           102       -265.669           50            -1048.64                     1.39373                   -1.354
           103       -262.664           50            -1040.89                     1.39373                   -1.354
           104       -259.659           50            -1033.14                     1.39373                   -1.354
           105       -256.654           50            -1025.39                     1.39373                   -1.354
           106       -253.649           50            -1017.65                     1.39373                   -1.354
           107       -250.644           50            -1009.9                      1.39373                   -1.354
           108       -247.639           50            -1002.15                     1.39373                   -1.354
           109       -244.633           50             -994.401                    1.39373                   -1.354
           110       -241.628           50             -986.653                    1.39373                   -1.354
           111       -238.623           50             -978.905                    1.39373                   -1.354
           112       -235.618           50             -971.157                    1.39373                   -1.354
           113       -232.613           50             -963.409                    1.39373                   -1.354
           114       -229.608           50             -955.661                    1.39373                   -1.354
           115       -226.603           50             -947.913                    1.39373                   -1.354
           116       -223.598           50             -940.165                    1.39373                   -1.354
           117       -220.593           50             -932.417                    1.39373                   -1.354
           118       -217.588           50             -924.669                    1.39373                   -1.354
           119       -214.583           50             -916.921                    1.39373                   -1.354
           120       -211.578           50             -909.173                    1.39373                   -1.354
           121       -208.573           50             -901.425                    1.39373                   -1.354
           122       -205.568           50             -893.677                    1.39373                   -1.354
           123       -202.563           50             -885.929                    1.39373                   -1.354
           124       -199.558           50             -878.181                    1.39373                   -1.354
           125       -196.553           50             -870.433                    1.39373                   -1.354
           126       -193.548           50             -862.685                    1.39373                   -1.354
           127       -190.543           50             -854.937                    1.39373                   -1.354
           128       -187.538           50             -847.189                    1.39373                   -1.354
           129       -184.532           50             -839.441                    1.39373                   -1.354
           130       -181.527           50             -831.693                    1.39373                   -1.354
           131       -178.522           50             -823.945                    1.39373                   -1.354
           132       -175.517           50             -816.197                    1.39373                   -1.354
           133       -172.512           50             -808.449                    1.39373                   -1.354
           134       -169.507           50             -800.701                    1.39373                   -1.354
           135       -166.502           50             -792.953                    1.39373                   -1.354
           136       -163.497           50             -785.205                    1.39373                   -1.354
           137       -160.492           50             -777.457                    1.39373                   -1.354
           138       -157.487           50             -769.709                    1.39373                   -1.354
           139       -154.482           50             -761.961                    1.39373                   -1.39007
           140       -151.477           50             -754.213                    1.39373                   -1.43007
           141       -148.472           50             -746.465                    1.39373                   -1.47007
           142       -145.467           50             -738.717                    1.39373                   -1.51007
           143       -142.462           50             -730.969                    1.39373                   -1.55007
           144       -139.457           50             -723.221                    1.39373                   -1.59007
           145       -136.452           50             -715.473                    1.39373                   -1.63007
           146       -133.447           50             -707.725                    1.39373                   -1.67007
           147       -130.442           50             -699.977                    1.39373                   -1.71007
           148       -127.437           50             -692.229                    1.39373                   -1.75007
           149       -124.431           50             -684.481                    1.39373                   -1.79007
           150       -121.426           50             -676.733                    1.39373                   -1.83007
           151       -118.421           50             -668.985                    1.39373                   -1.87007
           152       -115.416           50             -661.237                    1.39373                   -1.91007
           153       -112.411           50             -653.489                    1.39373                   -1.95007
           154       -109.406           50             -645.741                    1.39373                   -1.99007
           155       -106.401           51.0292        -637.993                    1.39373                   -2.03007
           156       -103.396           52.1738        -630.245                    1.39373                   -2.07007
           157       -100.391           53.3351        -622.497                    1.39373                   -2.11007
           158        -97.386           54.5136        -614.749                    1.39373                   -2.15007
           159        -94.381           55.7094        -607.001                    1.39373                   -2.19007
           160        -91.3759          56.923         -599.253                    1.39373                   -2.23007
           161        -88.3709          58.1547        -591.505                    1.39373                   -2.27007
           162        -85.3658          59.405         -583.757                    1.39373                   -2.31007
           163        -82.3608          60.6743        -576.009                    1.39373                   -2.35007
           164        -79.3557          61.9634        -568.261                    1.39373                   -2.39007
           165        -76.3507          63.2727        -560.513                    1.39373                   -2.43007
           166        -73.3456          64.6031        -552.765                    1.39373                   -2.47007
           167        -70.3406          65.9554        -545.017                    1.39373                   -2.51007
           168        -67.3355          67.3307        -537.269                    1.39373                   -2.55007
           169        -64.3305          68.7301        -529.521                    1.39373                   -2.59007
           170        -61.3254          70.155         -521.773                    1.39373                   -2.63007
           171        -58.3204          71.6073        -514.025                    1.39373                   -2.67007
           172        -55.3153          73.0891        -506.277                    1.39373                   -2.71007
           173        -52.3103          74.6031        -498.529                    1.39373                   -2.75007
           174        -49.3052          76.1532        -490.781                    1.39373                   -2.79007
           175        -46.3002          77.7445        -483.033                    1.39373                   -2.83007
           176        -43.2951          79.3852        -475.285                    1.39373                   -2.87007
           177        -40.2901          81.0892        -467.537                    1.39373                   -2.91007
           178        -37.285           82.8893        -459.789                    1.39373                   -2.95007
           179        -34.28            84.872         -452.041                    1.39373                   -2.99007
           180        -31.2749          87.0204        -444.293                    1.39373                   -3.03007
           181        -28.2699          89.2562        -436.545                    1.39373                   -3.07007
           182        -25.2648          91.5524        -428.797                    1.39373                   -3.11007
           183        -22.2598          93.8962        -421.049                    1.39373                   -3.15007
           184        -19.2547          96.2804        -413.301                    1.39373                   -3.19007
           185        -16.2497          98.6999        -405.553                    1.39373                   -3.23007
           186        -13.2446         101.151         -397.805                    1.39373                   -3.27007
           187        -10.2396         103.632         -390.057                    1.39373                   -3.31007
           188         -7.23453        106.14          -382.309                    1.39373                   -3.35007
           189         -4.22948        108.673         -374.561                    1.39373                   -3.39007
           190         -1.22443        111.23          -366.813                    1.39373                   -3.43007
           191          1.78062        113.811         -359.065                    1.39373                   -3.47007
           192          4.78567        116.413         -351.317                    1.39373                   -3.51007
           193          7.79072        119.036         -343.569                    1.39373                   -3.55007
           194         10.7958         121.68          -335.821                    1.39373                   -3.59007
           195         13.8008         124.343         -328.073                    1.39373                   -3.63007
           196         16.8059         127.025         -320.325                    1.39373                   -3.67007
           197         19.8109         129.726         -312.577                    1.39373                   -3.71007
           198         22.816          132.446         -304.829                    1.39373                   -3.75007
           199         25.821          135.183         -297.081                    1.39373                   -3.79007